[[0.45882356]
 [0.43921572]
 [0.454902  ]
 [0.45098042]
 [0.47058827]
 [0.454902  ]
 [0.45882356]
 [0.45882356]
 [0.4431373 ]
 [0.45098042]
 [0.4431373 ]
 [0.44705886]
 [0.43921572]
 [0.43921572]
 [0.45098042]
 [0.427451  ]
 [0.44705886]
 [0.43921572]
 [0.45882356]
 [0.45098042]
 [0.46274513]
 [0.43137258]
 [0.44705886]
 [0.45098042]
 [0.45098042]
 [0.4431373 ]
 [0.41960788]
 [0.4156863 ]
 [0.43137258]
 [0.43921572]
 [0.41960788]
 [0.427451  ]
 [0.427451  ]
 [0.4784314 ]
 [0.4431373 ]
 [0.40784317]
 [0.43137258]
 [0.45098042]
 [0.3529412 ]
 [0.36862746]
 [0.35686275]
 [0.40000004]
 [0.38823533]
 [0.40000004]
 [0.36862746]
 [0.42352945]
 [0.46274513]
 [0.44705886]
 [0.4039216 ]
 [0.52156866]
 [0.5254902 ]
 [0.6039216 ]
 [0.6       ]
 [0.5568628 ]
 [0.5176471 ]
 [0.27058825]
 [0.36862746]
 [0.38431376]
 [0.33333334]
 [0.41960788]
 [0.49803925]
 [0.4784314 ]
 [0.4666667 ]
 [0.5764706 ]
 [0.45882356]
 [0.30980393]
 [0.43921572]
 [0.47058827]
 [0.40784317]
 [0.43529415]
 [0.39607847]
 [0.37647063]
 [0.45882356]
 [0.5137255 ]
 [0.3803922 ]
 [0.3803922 ]
 [0.36078432]
 [0.38431376]
 [0.38823533]
 [0.37647063]
 [0.3372549 ]
 [0.29803923]
 [0.3647059 ]
 [0.40000004]
 [0.32156864]
 [0.29411766]
 [0.40000004]
 [0.37647063]
 [0.6313726 ]
 [0.6313726 ]
 [0.7137255 ]
 [0.454902  ]
 [0.39607847]
 [0.3137255 ]
 [0.41960788]
 [0.4901961 ]
 [0.44705886]
 [0.5137255 ]
 [0.5921569 ]
 [0.6117647 ]
 [0.5294118 ]
 [0.29411766]
 [0.21568629]
 [0.5058824 ]
 [0.5019608 ]
 [0.60784316]
 [0.3647059 ]
 [0.32941177]
 [0.68235296]
 [0.5254902 ]
 [0.5058824 ]
 [0.45098042]
 [0.49411768]
 [0.47058827]
 [0.44705886]
 [0.49411768]
 [0.45882356]
 [0.4666667 ]
 [0.5137255 ]
 [0.4901961 ]
 [0.45098042]
 [0.4784314 ]
 [0.44705886]
 [0.4784314 ]
 [0.49411768]
 [0.49803925]
 [0.49803925]
 [0.53333336]
 [0.5137255 ]
 [0.4784314 ]
 [0.49411768]
 [0.48235297]
 [0.5254902 ]
 [0.49411768]
 [0.5137255 ]
 [0.5019608 ]
 [0.5254902 ]
 [0.5372549 ]
 [0.5529412 ]
 [0.5411765 ]
 [0.5019608 ]
 [0.53333336]
 [0.47058827]
 [0.45882356]
 [0.49803925]
 [0.46274513]
 [0.5137255 ]
 [0.52156866]
 [0.53333336]
 [0.4666667 ]
 [0.4784314 ]
 [0.5137255 ]
 [0.50980395]
 [0.4901961 ]
 [0.45882356]
 [0.4666667 ]
 [0.47058827]
 [0.39607847]
 [0.45882356]
 [0.5019608 ]
 [0.5372549 ]
 [0.5294118 ]
 [0.58431375]
 [0.5411765 ]
 [0.49803925]
 [0.4784314 ]
 [0.53333336]
 [0.5568628 ]
 [0.5176471 ]
 [0.5019608 ]
 [0.47450984]
 [0.5372549 ]
 [0.49411768]
 [0.5254902 ]
 [0.54509807]
 [0.5686275 ]
 [0.60784316]
 [0.5647059 ]
 [0.5411765 ]
 [0.53333336]
 [0.5411765 ]
 [0.5294118 ]
 [0.58431375]
 [0.58431375]
 [0.5019608 ]
 [0.54901963]
 [0.53333336]
 [0.5294118 ]
 [0.40000004]
 [0.3529412 ]
 [0.4431373 ]
 [0.41960788]
 [0.38823533]
 [0.42352945]
 [0.454902  ]
 [0.4666667 ]
 [0.41176474]
 [0.4431373 ]
 [0.5019608 ]
 [0.62352943]
 [0.6509804 ]
 [0.6627451 ]
 [0.7176471 ]
 [0.59607846]
 [0.627451  ]
 [0.6666667 ]
 [0.6313726 ]
 [0.5529412 ]
 [0.5254902 ]
 [0.5254902 ]
 [0.5529412 ]
 [0.5176471 ]
 [0.5529412 ]
 [0.58431375]
 [0.5019608 ]
 [0.47058827]
 [0.38431376]
 [0.43137258]
 [0.4784314 ]
 [0.56078434]
 [0.5411765 ]
 [0.5411765 ]
 [0.54901963]
 [0.427451  ]
 [0.4039216 ]
 [0.42352945]
 [0.4156863 ]
 [0.32941177]
 [0.39607847]
 [0.4431373 ]
 [0.32941177]
 [0.38823533]
 [0.33333334]
 [0.3372549 ]
 [0.25882354]
 [0.26666668]
 [0.26666668]
 [0.25882354]
 [0.32156864]
 [0.30980393]
 [0.3921569 ]
 [0.40000004]
 [0.5137255 ]
 [0.5137255 ]
 [0.427451  ]
 [0.50980395]
 [0.43529415]
 [0.45882356]
 [0.41176474]
 [0.3803922 ]
 [0.34117648]
 [0.28235295]
 [0.33333334]
 [0.38431376]
 [0.427451  ]
 [0.36078432]][[0.4666667 ]
 [0.43921572]
 [0.43921572]
 [0.4666667 ]
 [0.48235297]
 [0.427451  ]
 [0.4784314 ]
 [0.45882356]
 [0.45098042]
 [0.4431373 ]
 [0.46274513]
 [0.43921572]
 [0.42352945]
 [0.45882356]
 [0.46274513]
 [0.42352945]
 [0.45098042]
 [0.427451  ]
 [0.46274513]
 [0.4666667 ]
 [0.43921572]
 [0.427451  ]
 [0.4784314 ]
 [0.45882356]
 [0.4431373 ]
 [0.454902  ]
 [0.42352945]
 [0.41176474]
 [0.46274513]
 [0.43137258]
 [0.40784317]
 [0.43921572]
 [0.4431373 ]
 [0.43921572]
 [0.41176474]
 [0.41960788]
 [0.40000004]
 [0.454902  ]
 [0.40784317]
 [0.43137258]
 [0.40000004]
 [0.41176474]
 [0.40000004]
 [0.4156863 ]
 [0.36862746]
 [0.43529415]
 [0.47058827]
 [0.43137258]
 [0.4666667 ]
 [0.52156866]
 [0.5647059 ]
 [0.60784316]
 [0.59607846]
 [0.48627454]
 [0.41176474]
 [0.26666668]
 [0.20392159]
 [0.21176472]
 [0.20000002]
 [0.2627451 ]
 [0.38431376]
 [0.4431373 ]
 [0.40000004]
 [0.49803925]
 [0.427451  ]
 [0.3803922 ]
 [0.47450984]
 [0.41176474]
 [0.4039216 ]
 [0.43137258]
 [0.35686275]
 [0.34901962]
 [0.43921572]
 [0.44705886]
 [0.46274513]
 [0.3803922 ]
 [0.32156864]
 [0.40000004]
 [0.4156863 ]
 [0.38823533]
 [0.29411766]
 [0.40000004]
 [0.4039216 ]
 [0.30588236]
 [0.32156864]
 [0.3921569 ]
 [0.4156863 ]
 [0.56078434]
 [0.6156863 ]
 [0.68235296]
 [0.65882355]
 [0.48235297]
 [0.38431376]
 [0.34901962]
 [0.36078432]
 [0.3803922 ]
 [0.3803922 ]
 [0.49411768]
 [0.5647059 ]
 [0.5137255 ]
 [0.41176474]
 [0.43137258]
 [0.3137255 ]
 [0.32941177]
 [0.5411765 ]
 [0.6156863 ]
 [0.50980395]
 [0.74509805]
 [0.6       ]
 [0.53333336]
 [0.52156866]
 [0.56078434]
 [0.54901963]
 [0.43137258]
 [0.4156863 ]
 [0.5137255 ]
 [0.47450984]
 [0.45882356]
 [0.4784314 ]
 [0.45882356]
 [0.41960788]
 [0.5019608 ]
 [0.45098042]
 [0.45882356]
 [0.48627454]
 [0.5058824 ]
 [0.5176471 ]
 [0.5254902 ]
 [0.4901961 ]
 [0.45882356]
 [0.5176471 ]
 [0.5176471 ]
 [0.49803925]
 [0.5294118 ]
 [0.5294118 ]
 [0.5058824 ]
 [0.54901963]
 [0.5411765 ]
 [0.5568628 ]
 [0.5058824 ]
 [0.5411765 ]
 [0.5176471 ]
 [0.5019608 ]
 [0.5058824 ]
 [0.49411768]
 [0.49803925]
 [0.57254905]
 [0.5647059 ]
 [0.5647059 ]
 [0.5686275 ]
 [0.52156866]
 [0.5254902 ]
 [0.5176471 ]
 [0.47450984]
 [0.4901961 ]
 [0.4901961 ]
 [0.41960788]
 [0.45098042]
 [0.46274513]
 [0.454902  ]
 [0.47058827]
 [0.47058827]
 [0.5254902 ]
 [0.4784314 ]
 [0.5254902 ]
 [0.58431375]
 [0.6431373 ]
 [0.56078434]
 [0.5764706 ]
 [0.62352943]
 [0.6627451 ]
 [0.5411765 ]
 [0.5411765 ]
 [0.56078434]
 [0.52156866]
 [0.5529412 ]
 [0.5686275 ]
 [0.5176471 ]
 [0.52156866]
 [0.5411765 ]
 [0.49803925]
 [0.454902  ]
 [0.52156866]
 [0.52156866]
 [0.5686275 ]
 [0.53333336]
 [0.58431375]
 [0.4901961 ]
 [0.42352945]
 [0.42352945]
 [0.37647063]
 [0.41960788]
 [0.36862746]
 [0.3529412 ]
 [0.40000004]
 [0.41176474]
 [0.36078432]
 [0.46274513]
 [0.48235297]
 [0.58431375]
 [0.63529414]
 [0.7058824 ]
 [0.69411767]
 [0.6156863 ]
 [0.60784316]
 [0.6156863 ]
 [0.57254905]
 [0.60784316]
 [0.5372549 ]
 [0.5058824 ]
 [0.48627454]
 [0.53333336]
 [0.5176471 ]
 [0.5529412 ]
 [0.5647059 ]
 [0.47450984]
 [0.43137258]
 [0.48627454]
 [0.48627454]
 [0.54901963]
 [0.57254905]
 [0.5372549 ]
 [0.5372549 ]
 [0.45882356]
 [0.36078432]
 [0.38431376]
 [0.3921569 ]
 [0.36862746]
 [0.40784317]
 [0.3647059 ]
 [0.4666667 ]
 [0.38431376]
 [0.34901962]
 [0.37647063]
 [0.2784314 ]
 [0.23137257]
 [0.2509804 ]
 [0.30588236]
 [0.29411766]
 [0.3803922 ]
 [0.3803922 ]
 [0.44705886]
 [0.43529415]
 [0.45098042]
 [0.43921572]
 [0.41176474]
 [0.45098042]
 [0.5137255 ]
 [0.43137258]
 [0.34117648]
 [0.34901962]
 [0.27058825]
 [0.28627452]
 [0.49803925]
 [0.4156863 ]
 [0.40784317]]